5.906724691390991 1 
7.367934703826904 2 
9.09447717666626 3 
10.787248849868774 4 
12.578090190887451 5 
14.178856372833252 6 
15.785722732543945 7 
17.31614112854004 8 
19.037508487701416 9 
20.901461839675903 10 
22.644036054611206 11 
24.245832443237305 12 
25.96744704246521 13 
27.57112765312195 14 
29.174985647201538 15 
30.756934642791748 16 
32.218194246292114 17 
33.87058186531067 18 
35.68749928474426 19 
37.45380735397339 20 
39.2763786315918 21 
41.11614394187927 22 
43.003642082214355 23 
44.65197515487671 24 
46.34974956512451 25 
47.952484130859375 26 
49.603713035583496 27 
51.486862659454346 28 
53.348328828811646 29 
55.07032060623169 30 
56.91875886917114 31 
58.81392741203308 32 
60.46549367904663 33 
61.948827266693115 34 
63.86083459854126 35 
65.37172293663025 36 
66.99845933914185 37 
68.62782406806946 38 
70.43911910057068 39 
72.20680165290833 40 
73.88012051582336 41 
75.60352683067322 42 
77.27740001678467 43 
80.01120686531067 44 
81.55111575126648 45 
83.29458403587341 46 
85.64730858802795 47 
88.36192488670349 48 
90.57789826393127 49 
92.88694548606873 50 
